AVE: 775.3595665811
MED: 277
MODE: 7
STD DEV: 2338.4253457036

MIN_VAL:1
MAX_VAL: 58732